function [x,w] = ggqnear16()

x = [-9.999983834562877e-01
    -9.999904795626290e-01
    -9.999722206280214e-01
    -9.999361916437952e-01
    -9.998683168369850e-01
    -9.997413866787171e-01
    -9.995055629934213e-01
    -9.990720477729913e-01
    -9.982847106470126e-01
    -9.968761837320703e-01
    -9.944058957136412e-01
    -9.901787499452130e-01
    -9.831460802299514e-01
    -9.717962191862937e-01
    -9.540536818181286e-01
    -9.272286378856047e-01
    -8.880852937073089e-01
    -8.331059545720729e-01
    -7.589917716630085e-01
    -6.633538314936668e-01
    -5.454404533644707e-01
    -4.066845198603929e-01
    -2.508857110836834e-01
    -8.394793547737484e-02
     8.678767888146582e-02
     2.534835548774318e-01
     4.088397028868697e-01
     5.470255722247295e-01
     6.643306027954150e-01
     7.594062862729100e-01
     8.330653449168843e-01
     8.877245531171009e-01
     9.266799128714301e-01
     9.534272044491654e-01
     9.711739614838441e-01
     9.825829281328303e-01
     9.897058873839526e-01
     9.940346457681101e-01
     9.966027348593172e-01
     9.980956463898143e-01
     9.989496980844381e-01
     9.994321938708963e-01
     9.997016135648790e-01
     9.998497559683884e-01
     9.999292435802507e-01
     9.999702529545406e-01
     9.999900706179922e-01
     9.999983361830981e-01];
 
 w = [4.264322824107065e-06
     1.218535787288243e-05
     2.551987989251933e-05
     4.877011982359721e-05
     9.136867740897821e-05
     1.705391286750630e-04
     3.154426328045042e-04
     5.768839650519914e-04
     1.041322630735139e-03
     1.847801536267620e-03
     3.206957539551861e-03
     5.420248042167640e-03
     8.895259717221693e-03
     1.414936364424598e-02
     2.178495451105560e-02
     3.240871218479303e-02
     4.647270301184682e-02
     6.404768806246301e-02
     8.459150955114268e-02
     1.068192468426692e-01
     1.287719265054299e-01
     1.481021734281095e-01
     1.625000142799674e-01
     1.701358928465243e-01
     1.700113620211604e-01
     1.621477538682592e-01
     1.475816208869190e-01
     1.281675606411428e-01
     1.062213078324304e-01
     8.407528329107640e-02
     6.365825987874897e-02
     4.622117820002281e-02
     3.228038655297107e-02
     2.175294131762481e-02
     1.418527604905481e-02
     8.973606255260102e-03
     5.519153026078508e-03
     3.308739271061473e-03
     1.940024642539427e-03
     1.117179955241037e-03
     6.344762138812228e-04
     3.562347368977288e-04
     1.974555455469631e-04
     1.073295814420692e-04
     5.652274008916866e-05
     2.829408540344995e-05
     1.290364954182079e-05
     4.401339061287867e-06];