function [x,w] = ggqnear20()

x = [-9.999983407583776e-01
    -9.999901033782088e-01
    -9.999703911755603e-01
    -9.999297514497744e-01
    -9.998513864335851e-01
    -9.997061570895718e-01
    -9.994433721465381e-01
    -9.989745362292948e-01
    -9.981468424981540e-01
    -9.967038074361301e-01
    -9.942320646069035e-01
    -9.900961577497557e-01
    -9.833673451663902e-01
    -9.727569238539322e-01
    -9.565700578108970e-01
    -9.327048562667536e-01
    -8.987294271649140e-01
    -8.520668639850896e-01
    -7.902973510393222e-01
    -7.115483938389798e-01
    -6.149017800833826e-01
    -5.007227817781191e-01
    -3.708290425401865e-01
    -2.284563192826256e-01
    -7.802401292559773e-02
     7.526163717654184e-02
     2.259087535863094e-01
     3.686784936077029e-01
     4.990917710702659e-01
     6.138366220103372e-01
     7.110168975920571e-01
     7.902017294470801e-01
     8.522691190082857e-01
     8.990830010955509e-01
     9.330845392952648e-01
     9.568925137753777e-01
     9.729866464925601e-01
     9.835076648531742e-01
     9.901711562712847e-01
     9.942689005576287e-01
     9.967224914447799e-01
     9.981582374501916e-01
     9.989829550946601e-01
     9.994499253556628e-01
     9.997109809740997e-01
     9.998545882324783e-01
     9.999315986644816e-01
     9.999712617921149e-01
     9.999904005493845e-01
     9.999983890744630e-01];
 
 w = [4.388751382367087e-06
     1.285244933606272e-05
     2.810606153424132e-05
     5.589401086007027e-05
     1.055460174829637e-04
     1.930984421114260e-04
     3.467854640812159e-04
     6.157008526003158e-04
     1.081543443098439e-03
     1.872319993331899e-03
     3.175863420721705e-03
     5.249593262500027e-03
     8.421987566974988e-03
     1.308122982243277e-02
     1.964402264459374e-02
     2.849474915520388e-02
     3.989069480409512e-02
     5.384441625001612e-02
     7.001371575269014e-02
     8.764292954822510e-02
     1.055923378505566e-01
     1.224621347638115e-01
     1.367820464282402e-01
     1.472200774965740e-01
     1.527683136340450e-01
     1.528785289571191e-01
     1.475339554070710e-01
     1.372520754503309e-01
     1.230182375063303e-01
     1.061545933110702e-01
     8.813684808052794e-02
     7.038473585291849e-02
     5.406775289533809e-02
     3.997371590363327e-02
     2.847117955019574e-02
     1.956137569412894e-02
     1.298504511852337e-02
     8.342811045449771e-03
     5.198498222851729e-03
     3.149293494370212e-03
     1.860985444021536e-03
     1.077201600878659e-03
     6.135796534547720e-04
     3.450358304694958e-04
     1.913970163209236e-04
     1.040330222129515e-04
     5.471629650131174e-05
     2.733549948943814e-05
     1.246187317411053e-05
     4.259387117846440e-06];