function [x,w] = ggqnear40()

x = [-9.999984814915710e-01
    -9.999910546927426e-01
    -9.999737305159884e-01
    -9.999389554855733e-01
    -9.998733579950604e-01
    -9.997537428001503e-01
    -9.995402797870349e-01
    -9.991658761247461e-01
    -9.985213489765378e-01
    -9.974375792695754e-01
    -9.956672705105776e-01
    -9.928691853211242e-01
    -9.885970840423131e-01
    -9.822948075186098e-01
    -9.732986866964543e-01
    -9.608491186985064e-01
    -9.441137308793277e-01
    -9.222235943131474e-01
    -8.943215021463998e-01
    -8.596185766000205e-01
    -8.174533691803045e-01
    -7.673466957599145e-01
    -7.090459944553301e-01
    -6.425548903304854e-01
    -5.681462293618140e-01
    -4.863592167727829e-01
    -3.979828525429690e-01
    -3.040284857425181e-01
    -2.056942547396865e-01
    -1.043237877539633e-01
    -1.361076330532669e-03
     1.016969533978512e-01
     2.033489131000007e-01
     3.021373563012733e-01
     3.966960432991820e-01
     4.857949399412981e-01
     5.683816670737439e-01
     6.436178561310891e-01
     7.109085132836875e-01
     7.699221149787305e-01
     8.205989025754414e-01
     8.631449542686976e-01
     8.980103542920632e-01
     9.258512996224714e-01
     9.474781676261599e-01
     9.637940104162437e-01
     9.757300457603545e-01
     9.841857593797865e-01
     9.899804869249899e-01
     9.938206602702031e-01
     9.962835043143080e-01
     9.978156265018431e-01
     9.987437703343042e-01
     9.992939118131906e-01
     9.996141281142110e-01
     9.997970859213043e-01
     9.998990766402239e-01
     9.999539230452539e-01
     9.999818727022920e-01
     9.999948344862827e-01
     9.999994453480832e-01];

w = [4.004275623623367e-06
     1.147220336567455e-05
     2.440202018218259e-05
     4.731194009947041e-05
     8.763813965208608e-05
     1.580548828788724e-04
     2.798033193545438e-04
     4.868968166515914e-04
     8.300327698647127e-04
     1.378454678019323e-03
     2.218848123414163e-03
     3.451611282190612e-03
     5.185320279902024e-03
     7.530030661170092e-03
     1.058919336987117e-02
     1.444927722605767e-02
     1.916713372845049e-02
     2.475696502965712e-02
     3.117970064272807e-02
     3.833732115891324e-02
     4.607370756513664e-02
     5.418222969775315e-02
     6.241878408970264e-02
     7.051789651921793e-02
     7.820927481109737e-02
     8.523278622788075e-02
     9.135078571924302e-02
     9.635756531228934e-02
     1.000862029688818e-01
     1.024132723176547e-01
     1.032618523608498e-01
     1.026031664613098e-01
     1.004570548046135e-01
     9.689137198886870e-02
     9.202030185334294e-02
     8.600148447775911e-02
     7.903174682679645e-02
     7.134112455268413e-02
     6.318479155809746e-02
     5.483254652992394e-02
     4.655573820917493e-02
     3.861201547296961e-02
     3.122902703547867e-02
     2.458896766743210e-02
     1.881637105041530e-02
     1.397153303275153e-02
     1.005126923784513e-02
     6.997261118584444e-03
     4.710200011642177e-03
     3.066367997422218e-03
     1.933566277125404e-03
     1.184805526914052e-03
     7.087535649859353e-04
     4.158267689360057e-04
     2.397287015017154e-04
     1.353375970843583e-04
     7.413654445797886e-05
     3.884726042290255e-05
     1.898862317398121e-05
     8.006068027997870e-06
     1.833042503552130e-06];