function [x,w] = ggqnear60()

x = [-9.999989155229273e-01
    -9.999937576062329e-01
    -9.999822524683105e-01
    -9.999602272429332e-01
    -9.999206633374882e-01
    -9.998522486482768e-01
    -9.997370095021773e-01
    -9.995465950218575e-01
    -9.992368391217276e-01
    -9.987407143654813e-01
    -9.979606244260679e-01
    -9.967617912375671e-01
    -9.949688430290022e-01
    -9.923672659320029e-01
    -9.887101433852626e-01
    -9.837291034799767e-01
    -9.771474069471838e-01
    -9.686929835544310e-01
    -9.581097109091820e-01
    -9.451659662389963e-01
    -9.296602421324024e-01
    -9.114242055812316e-01
    -8.903238534236606e-01
    -8.662594036284162e-01
    -8.391644185731836e-01
    -8.090045172158411e-01
    -7.757759291411306e-01
    -7.395040527719332e-01
    -7.002420956929459e-01
    -6.580698114736244e-01
    -6.130923121862003e-01
    -5.654389217256678e-01
    -5.152620330710739e-01
    -4.627359391580479e-01
    -4.080556186061784e-01
    -3.514354668657417e-01
    -2.931079631301802e-01
    -2.333222520375471e-01
    -1.723426020057779e-01
    -1.104466876648735e-01
    -4.792363987576249e-02
     1.492818311540922e-02
     7.780372682012576e-02
     1.403940660121454e-01
     2.023894831074308e-01
     2.634827282584343e-01
     3.233723694840811e-01
     3.817661346209890e-01
     4.383841591723059e-01
     4.929620887595008e-01
     5.452540390244857e-01
     5.950354734048481e-01
     6.421060893078507e-01
     6.862927722167034e-01
     7.274525742331526e-01
     7.654755339087841e-01
     8.002870586443501e-01
     8.318496254583784e-01
     8.601637443920074e-01
     8.852683806318186e-01
     9.072411614357440e-01
     9.261985369453107e-01
     9.422956218616375e-01
     9.557249425019989e-01
     9.667130888728547e-01
     9.755145593695024e-01
     9.824028390701338e-01
     9.876596140480082e-01
     9.915635054580240e-01
     9.943795417650189e-01
     9.963500349959243e-01
     9.976872169969682e-01
     9.985682113456489e-01
     9.991331602223426e-01
     9.994869343483735e-01
     9.997039053958687e-01
     9.998344121730977e-01
     9.999113256673375e-01
     9.999555630771289e-01
     9.999801517531558e-01
     9.999930145512542e-01
     9.999987869767939e-01];
 
 w = [2.842873170219643e-06
     7.824032210983314e-06
     1.586866295596764e-05
     2.932804095001602e-05
     5.164675037974951e-05
     8.811741081299813e-05
     1.469952793269673e-04
     2.410749999237034e-04
     3.894752114669403e-04
     6.189247890443614e-04
     9.636569144090752e-04
     1.463261139903218e-03
     2.158502730851407e-03
     3.085992000883739e-03
     4.273205338814894e-03
     5.735219101295668e-03
     7.473709303234226e-03
     9.477967504622724e-03
     1.172727413317057e-02
     1.419384907927916e-02
     1.684567232216406e-02
     1.964873165857308e-02
     2.256858755131077e-02
     2.557136291290781e-02
     2.862431288608150e-02
     3.169609402500254e-02
     3.475682637112156e-02
     3.777803744138019e-02
     4.073256475091494e-02
     4.359446598886921e-02
     4.633895963248456e-02
     4.894240301706511e-02
     5.138230524981807e-02
     5.363736501009619e-02
     5.568752134783864e-02
     5.751401205454167e-02
     5.909944574536664e-02
     6.042790321793013e-02
     6.148508535693049e-02
     6.225851775983936e-02
     6.273780924026047e-02
     6.291494713519827e-02
     6.278460125709234e-02
     6.234440297089699e-02
     6.159516683489942e-02
     6.054102889055307e-02
     5.918948727179964e-02
     5.755134721580858e-02
     5.564059364637050e-02
     5.347423708016284e-02
     5.107219276055088e-02
     4.845724291446810e-02
     4.565508637700271e-02
     4.269440707392552e-02
     3.960682969239081e-02
     3.642662904659904e-02
     3.319015105347978e-02
     2.993506144981387e-02
     2.669966770101373e-02
     2.352253935853454e-02
     2.044243128038663e-02
     1.749819046326341e-02
     1.472812098152086e-02
     1.216838793088281e-02
     9.850472220369121e-03
     7.798232976927980e-03
     6.025464960984207e-03
     4.534698778980520e-03
     3.317408072077211e-03
     2.355173952396630e-03
     1.621270564844347e-03
     1.082646543285539e-03
     7.026693851920957e-04
     4.446237381174883e-04
     2.752079249639208e-04
     1.670116855946306e-04
     9.938760665168286e-05
     5.785846467291990e-05
     3.274202538492846e-05
     1.772587663162349e-05
     8.755398284841809e-06
     3.180600822390200e-06];