function [x,w] = ggqnear30()

x = [-9.999985336094319e-01
    -9.999913912649702e-01
    -9.999748413865239e-01
    -9.999418706736163e-01
    -9.998802292464434e-01
    -9.997690031132390e-01
    -9.995725938880879e-01
    -9.992306374802350e-01
    -9.986421121233168e-01
    -9.976423166229731e-01
    -9.959727905481361e-01
    -9.932463520290979e-01
    -9.889115981846489e-01
    -9.822226355099789e-01
    -9.722208610966409e-01
    -9.577378839947478e-01
    -9.374305081124280e-01
    -9.098553242696432e-01
    -8.735810983929954e-01
    -8.273263463356589e-01
    -7.701020278590976e-01
    -7.013375044265837e-01
    -6.209718636893421e-01
    -5.295004307342991e-01
    -4.279745513069189e-01
    -3.179589219249161e-01
    -2.014540005749641e-01
    -8.079197670020961e-02
     4.148548865396365e-02
     1.627601453111325e-01
     2.804735181035345e-01
     3.922597607313577e-01
     4.960678103897362e-01
     5.902651845729032e-01
     6.737152629335228e-01
     7.458199212863541e-01
     8.065208385676145e-01
     8.562566217447641e-01
     8.958792257888232e-01
     9.265404703216406e-01
     9.495649243567791e-01
     9.663267736102824e-01
     9.781454695198281e-01
     9.862095273675300e-01
     9.915312767095910e-01
     9.949293451933886e-01
     9.970325119024258e-01
     9.982987387932298e-01
     9.990439321845533e-01
     9.994747450549776e-01
     9.997200443367885e-01
     9.998572826949104e-01
     9.999320834619655e-01
     9.999712102822099e-01
     9.999903328634868e-01
     9.999983744028009e-01];
 
 w = [3.863467099758897e-06
     1.100334779231847e-05
     2.323689132608980e-05
     4.469122811723538e-05
     8.198053461282041e-05
     1.462412370177617e-04
     2.563765990412356e-04
     4.439896136338619e-04
     7.600048509845306e-04
     1.282069468681457e-03
     2.120907226905980e-03
     3.423350362875827e-03
     5.370147864085690e-03
     8.167564809496189e-03
     1.203127803509992e-02
     1.715978920135259e-02
     2.369743546353968e-02
     3.169381432055611e-02
     4.107065083712712e-02
     5.160583682821675e-02
     6.293945302213219e-02
     7.460052466970406e-02
     8.604818755363375e-02
     9.671872401713107e-02
     1.060709382857327e-01
     1.136251573303233e-01
     1.189939314280065e-01
     1.219042745724292e-01
     1.222119918662477e-01
     1.199086776918051e-01
     1.151217060656263e-01
     1.081071858441313e-01
     9.923552510427905e-02
     8.896905907253307e-02
     7.783138057194941e-02
     6.636893829930035e-02
     5.510741692064339e-02
     4.450807390542816e-02
     3.493126643275308e-02
     2.661407257067488e-02
     1.966562838561068e-02
     1.407925530955681e-02
     9.756967603896818e-03
     6.540144771027462e-03
     4.239712804040611e-03
     2.660891288716070e-03
     1.621275824659242e-03
     9.632688336013786e-04
     5.610265992393730e-04
     3.216334849965565e-04
     1.815481133472654e-04
     1.003200542122044e-04
     5.361726407865909e-05
     2.717890787387248e-05
     1.251670275251296e-05
     4.296640362799080e-06];