function [x,w] = ggqnear24()

w = [4.361591135415830e-06
     1.276915569545027e-05
     2.794605451297203e-05
     5.569073565367700e-05
     1.054103202177232e-04
     1.930583020926522e-04
     3.459643625671346e-04
     6.100164699853062e-04
     1.059272793599912e-03
     1.807315756755483e-03
     3.018061212840402e-03
     4.912018169144403e-03
     7.763885871730381e-03
     1.188756625189551e-02
     1.760342084024352e-02
     2.518469155667582e-02
     3.478875393105077e-02
     4.638783540288497e-02
     5.971712307947873e-02
     7.425672720590003e-02
     8.925786531868000e-02
     1.038118305179893e-01
     1.169475742646211e-01
     1.277377552828902e-01
     1.353957407558986e-01
     1.393528085923099e-01
     1.393107986480677e-01
     1.352688393040300e-01
     1.275239934597344e-01
     1.166458153193735e-01
     1.034248735563724e-01
     8.879626985236266e-02
     7.374222394857545e-02
     5.918363781043044e-02
     4.587787962806061e-02
     3.434438173637723e-02
     2.483573625781630e-02
     1.735901457105551e-02
     1.173600286273787e-02
     7.680356606736059e-03
     4.869093697158397e-03
     2.994014838212776e-03
     1.789901441350121e-03
     1.044571176037735e-03
     5.982777934807373e-04
     3.378864783247401e-04
     1.883675443040606e-04
     1.031245408173502e-04
     5.477047431006228e-05
     2.765275448096590e-05
     1.270064354609967e-05
     4.351259797431508e-06];
 
 x = [-9.999983508695838e-01
    -9.999901662589318e-01
    -9.999705754078536e-01
    -9.999301235920970e-01
    -9.998519390924646e-01
    -9.997067833940431e-01
    -9.994442726462373e-01
    -9.989781163527902e-01
    -9.981629443824579e-01
    -9.967605405340195e-01
    -9.943947191762299e-01
    -9.904972991961545e-01
    -9.842518385273660e-01
    -9.745456913590744e-01
    -9.599454798830064e-01
    -9.387157581370085e-01
    -9.088997523837405e-01
    -8.684705642309234e-01
    -8.155444509026624e-01
    -7.486302764715945e-01
    -6.668753357675963e-01
    -5.702629003359946e-01
    -4.597249143858963e-01
    -3.371511969371576e-01
    -2.052959233628652e-01
    -6.759639537775036e-02
     7.207333019391358e-02
     2.096885405783896e-01
     3.413736510311668e-01
     4.636895940288936e-01
     5.738827256318995e-01
     6.700695807256264e-01
     7.513341396911389e-01
     8.177210364543652e-01
     8.701217314207637e-01
     9.100705840616272e-01
     9.394882275341433e-01
     9.604214456658194e-01
     9.748253520847101e-01
     9.844162845446821e-01
     9.906006630037379e-01
     9.944660313054875e-01
     9.968117450078300e-01
     9.981981730804564e-01
     9.990000450162474e-01
     9.994562709978851e-01
     9.997124601833569e-01
     9.998542204324519e-01
     9.999308784295055e-01
     9.999707699543802e-01
     9.999902017012116e-01
     9.999983542128124e-01];
 